58
7
94
48
23
60
65
7
23
53
64
35
15
85
11
24
98
94
7
42
94
74
85
47
12
54
62
92
26
17
96
29
93
70
97
56
55
60
70
37
0
12
87
77
34
58
14
47
58
5
49
80
86
27
6
3
80
36
22
56
13
40
41
10
3
17
30
40
84
88
91
73
53
91
85
76
92
92
22
39
83
93
30
48
70
10
16
31
71
17
22
63
88
73
46
19
69
59
85
81
52
56
88
45
19
83
41
41
53
50
31
38
14
46
7
3
86
44
45
85
76
76
67
94
0
26
9
76
22
56
73
27
1
95
25
3
37
18
28
91
85
73
85
82
86
68
32
64
5
86
40
19
4
30
73
81
61
28
83
41
38
77
71
29
29
50
7
62
31
30
9
7
20
9
9
89
12
40
8
40
53
63
89
44
70
13
67
99
15
30
93
22
70
49
83
7
22
21
68
46
54
87
77
72
66
57
82
89
87
1
32
39
97
61
56
67
27
71
6
56
1
27
34
39
61
84
20
54
57
80
30
10
74
19
52
95
39
7
92
32
64
43
4
67
0
46
37
38
74
47
30
18
77
66
38
28
68
14
95
2
66
91
52
84
5
44
18
24
14
61
63
17
73
58
75
79
4
4
44
20
11
74
14
94
70
88
85
30
58
68
92
46
45
53
14
27
85
33
70
38
85
4
15
47
61
59
82
13
27
27
2
49
19
35
51
22
15
57
75
87
8
33
98
67
82
35
24
23
18
99
13
85
78
27
36
68
9
25
45
73
78
97
26
73
77
94
69
42
17
52
92
24
48
61
2
8
32
57
78
59
87
8
90
54
95
36
19
87
87
21
15
4
94
8
12
60
17
71
39
25
69
55
81
69
33
81
67
18
13
51
37
41
40
46
34
21
62
41
54
88
31
77
41
2
45
69
52
41
72
87
22
4
77
24
13
78
64
35
79
32
91
4
35
72
5
64
1
5
36
75
11
82
92
71
71
26
68
68
78
42
42
80
98
47
30
80
80
4
60
62
76
71
40
2
98
52
24
19
67
26
93
18
5
55
90
83
76
49
3
29
2
70
54
69
78
76
80
47
50
33
54
43
6
39
90
55
13
13
50
6
11
94
9
46
56
46
62
71
29
46
17
71
17
93
12
19
67
2
7
52
71
7
40
16
42
83
10
3
0
83
37
85
54
82
64
98
36
59
19
45
77
81
36
19
33
19
32
64
1
31
55
76
95
56
17
27
16
43
69
80
67
94
36
84
3
88
58
7
14
90
17
60
30
40
51
17
0
56
51
83
27
47
51
19
15
29
10
31
24
24
13
40
43
6
72
68
35
88
50
21
20
59
61
88
54
40
89
33
57
41
81
72
66
23
85
17
5
87
50
49
45
9
23
37
90
87
44
68
78
53
42
0
40
14
31
74
9
0
16
71
92
84
97
40
17
95
39
14
19
72
22
35
40
44
87
89
70
94
37
80
59
44
36
84
49
91
1
81
20
37
94
34
26
46
11
65
50
14
71
37
76
18
89
64
0
94
68
80
74
29
78
32
79
41
14
88
75
50
30
97
15
78
72
83
73
75
79
18
23
29
83
0
64
11
19
64
87
9
8
0
90
29
91
61
6
58
62
97
30
59
23
30
50
29
30
98
67
63
42
20
0
35
16
21
83
13
37
76
2
81
42
67
10
42
93
58
55
54
25
99
50
62
38
1
76
22
64
91
62
78
12
61
54
96
79
48
10
27
90
91
36
9
81
50
74
80
3
32
71
59
63
66
4
99
15
89
18
82
74
65
52
21
24
32
1
45
26
99
87
8
34
93
67
86
86
61
31
64
77
89
70
61
80
33
3
82
72
15
95
48
76
78
12
90
46
37
73
2
46
28
44
6
30
18
80
59
6
52
4
40
16
19
7
13
56
17
10
60
55
25
72
77
86
52
15
78
7
88
73
74
46
96
96
60
6
55
70
81
31
90
72
41
52
61
31
79
59
74
71
75
40
89
89
45
72
40
7
86
26
18
86
18
48
95
15
54
5
27
46
31
38
24
53
24
83
28
90
22
45
12
90
44
42
58
65
47
77
81
26
48
55
42
55
94
7
77
45
15
15
14
16
74
55
34
46
87
32
39
31
18
49
35
13
99
69
53
53
28
19
68
22
50
31
73
1
60
62
49
59
17
96
53
24
89
74
80
44
84
8
38
27
20
29
46
73
49
98
40
93
55
80
62
1
34
93
25
84
43
27
13
39
39
17
79
73
45
87
18
81
1
